  5.4904404885934994
  6.4339535034602493
  7.0614411786911608
  7.4992866015193957
  7.8936021223580877
  8.6206212774148430
  9.8368814530114292
  10.668033123888046
  11.324745058256200
  12.423918403960519
  13.673522158526415
  14.188303384398418
  14.527150856156654
  14.921237975680445
  14.966941647226024
  15.424631371433421
  16.109277133544175
  16.828870031152643
  16.239281357612569
  13.355321655207980
  12.018758401539269
  9.5994986711442269
  5.8848152883610672
  3.4439924055068896
  2.1447112060952218
 0.67483697502693329
-0.22416613013807984
 -1.7149314468822434
 -3.0657432941390397
 -3.8794603944975337
 -5.7161903901072026
 -7.7259207590983960
 -8.3460110115017674
 -8.6647082851864266
 -10.453873574721802
 -12.324294988695112
 -12.777222071144221
 -12.275104875547562
 -15.693249254138609
 -20.855436595768690
 -24.447033513624909
 -26.672492375429478
 -23.440187927001841
 -22.741307575800459
 -23.583642646882783
 -24.689328650191360
 -25.935866877440031
 -25.935714589697149
 -25.935704366692242
 -25.935703575986803
 -25.935703820083891
 -25.935703969937045
 -25.935702749568090
 -25.935701342710452
 -25.935701789332992
 -25.935701618629551
 -25.935698100328750
 -25.935694988187503
 -25.891489860425864
 -25.667436588984806
 -25.548906754218272
 -25.517733757344597
 -25.411747289203372
 -23.676072601375704
