21.089108975479871
82.131544663527819
162.04362139299130
223.07338660908019
277.97670499068329
375.91366158427832
504.22129773101210
602.29591343288951
688.94499419492331
841.75417610333113
1042.0473305881651
1195.2123876951309
1334.1694111466841
1583.5736430700779
1911.1025652302383
2162.0071338834446
2371.5419687237891
2727.2766229265553
3194.7027263923892
3553.0533156752076
3840.8074848658239
4316.3096016203290
4943.0528168593610
5425.0873749808970
5803.1727327917233
6415.5215889696392
7223.1973081250680
7845.1892575254560
8301.3780464190258
8998.6209227710315
9915.4133334546732
10618.172174985817
11118.781088534555
11861.732458664541
12822.356888044395
13542.569846063991
14047.883472702246
14787.822804218520
15735.459310369324
16444.339045303092
16932.751132077399
17655.589297284343
18630.055876765211
19401.031881942654
19963.734355795052
20819.638877187794
21972.018903355562
22874.140469318645
23536.895022767581
24550.679004196412
25902.912482525851
26956.323870636326
27746.509168466546
28979.329961647592
30625.539313293761
31909.979393482823
32961.509909566899
34706.632165494710
37027.660523616920
38831.012465481253
40512.389529470551
43571.952461643610
47653.865553148826
50798.334589641694
