21.089108975479871
91.554144475315283
152.59024079219213
213.62633710906900
293.14725086273222
391.15298205318174
489.15871324363133
587.16444443408091
712.66077956523577
865.64771863709575
1018.6346577089558
1171.6215967808159
1373.1918258096634
1623.3453447954980
1873.4988637813331
2123.6523827671676
2427.2490088724626
2784.2887420972174
3141.3284753219718
3498.3682085467267
3916.2682855796288
4395.0287064206786
4873.7891272617271
5352.5495481027774
5900.5063889674002
6517.6596498555991
7134.8129107437962
7751.9661716319933
8410.5340202730622
9110.5164566669991
9810.4988930609379
10510.481329454877
11226.299435378896
11957.953210832997
12689.606986287097
13421.260761741200
14149.319318422060
14873.782656329682
15598.245994237304
16322.709332144927
17058.361178690837
17805.201533875039
18552.041889059237
19298.882244243439
20111.793075494192
20990.774382811505
21869.755690128819
22748.736997446125
23705.015557153380
24738.591369250571
25772.167181347766
26805.742993444957
27951.840167163118
29210.458702502245
30469.077237841368
31727.695773180494
33244.173700228530
35018.511018985482
36792.848337742427
38567.185656499380
41005.887760360158
44108.954649324776
47212.021538289395
50798.334589641694
